0, 0
0.00226757, -213.707
0.00453515, -427.37
0.00680272, -640.946
0.00907029, -854.392
0.0113379, -1067.67
0.0136054, -1280.72
0.015873, -1493.52
0.0181406, -1706.01
0.0204082, -1918.16
0.0226757, -2129.91
0.0249433, -2341.24
0.0272109, -2552.09
0.0294785, -2762.42
0.031746, -2972.19
0.0340136, -3181.36
0.0362812, -3389.88
0.0385488, -3597.72
0.0408163, -3804.82
0.0430839, -4011.15
0.0453515, -4216.67
0.047619, -4421.33
0.0498866, -4625.09
0.0521542, -4827.92
0.0544218, -5029.76
0.0566893, -5230.58
0.0589569, -5430.35
0.0612245, -5629.01
0.0634921, -5826.52
0.0657596, -6022.86
0.0680272, -6217.97
0.0702948, -6411.82
0.0725624, -6604.36
0.0748299, -6795.57
0.0770975, -6985.4
0.0793651, -7173.81
0.0816327, -7360.76
0.0839002, -7546.22
0.0861678, -7730.15
0.0884354, -7912.51
0.0907029, -8093.26
0.0929705, -8272.37
0.0952381, -8449.8
0.0975057, -8625.52
0.0997732, -8799.48
0.102041, -8971.66
0.104308, -9142.01
0.106576, -9310.52
0.108844, -9477.13
0.111111, -9641.81
0.113379, -9804.54
0.115646, -9965.28
0.117914, -10124
0.120181, -10280.7
0.122449, -10435.2
0.124717, -10587.7
0.126984, -10738
0.129252, -10886.1
0.131519, -11032
0.133787, -11175.7
0.136054, -11317.1
0.138322, -11456.3
0.14059, -11593
0.142857, -11727.5
0.145125, -11859.5
0.147392, -11989.2
0.14966, -12116.4
0.151927, -12241.1
0.154195, -12363.4
0.156463, -12483.2
0.15873, -12600.4
0.160998, -12715.1
0.163265, -12827.1
0.165533, -12936.6
0.1678, -13043.5
0.170068, -13147.7
0.172336, -13249.2
0.174603, -13348.1
0.176871, -13444.2
0.179138, -13537.6
0.181406, -13628.3
0.183673, -13716.2
0.185941, -13801.3
0.188209, -13883.6
0.190476, -13963.1
0.192744, -14039.8
0.195011, -14113.6
0.197279, -14184.5
0.199546, -14252.6
0.201814, -14317.8
0.204082, -14380
0.206349, -14439.4
0.208617, -14495.8
0.210884, -14549.3
0.213152, -14599.8
0.21542, -14647.3
0.217687, -14691.9
0.219955, -14733.5
0.222222, -14772.1
0.22449, -14807.7
0.226757, -14840.3
0.229025, -14869.9
0.231293, -14896.5
0.23356, -14920
0.235828, -14940.6
0.238095, -14958.1
0.240363, -14972.5
0.24263, -14983.9
0.244898, -14992.3
0.247166, -14997.6
0.249433, -14999.9
0.251701, -14999.1
0.253968, -14995.3
0.256236, -14988.5
0.258503, -14978.6
0.260771, -14965.7
0.263039, -14949.7
0.265306, -14930.7
0.267574, -14908.7
0.269841, -14883.6
0.272109, -14855.5
0.274376, -14824.4
0.276644, -14790.3
0.278912, -14753.2
0.281179, -14713.1
0.283447, -14670
0.285714, -14623.9
0.287982, -14574.9
0.290249, -14522.9
0.292517, -14467.9
0.294785, -14410.1
0.297052, -14349.2
0.29932, -14285.5
0.301587, -14218.9
0.303855, -14149.4
0.306122, -14077
0.30839, -14001.8
0.310658, -13923.7
0.312925, -13842.8
0.315193, -13759.1
0.31746, -13672.6
0.319728, -13583.3
0.321995, -13491.3
0.324263, -13396.5
0.326531, -13299
0.328798, -13198.8
0.331066, -13095.9
0.333333, -12990.4
0.335601, -12882.2
0.337868, -12771.4
0.340136, -12658
0.342404, -12542.1
0.344671, -12423.6
0.346939, -12302.6
0.349206, -12179.1
0.351474, -12053.1
0.353741, -11924.7
0.356009, -11793.8
0.358277, -11660.6
0.360544, -11524.9
0.362812, -11387
0.365079, -11246.7
0.367347, -11104.2
0.369615, -10959.4
0.371882, -10812.3
0.37415, -10663.1
0.376417, -10511.7
0.378685, -10358.2
0.380952, -10202.6
0.38322, -10044.9
0.385488, -9885.17
0.387755, -9723.43
0.390023, -9559.71
0.39229, -9394.06
0.394558, -9226.5
0.396825, -9057.07
0.399093, -8885.79
0.401361, -8712.72
0.403628, -8537.88
0.405896, -8361.3
0.408163, -8183.02
0.410431, -8003.09
0.412698, -7821.53
0.414966, -7638.38
0.417234, -7453.68
0.419501, -7267.47
0.421769, -7079.78
0.424036, -6890.66
0.426304, -6700.14
0.428571, -6508.26
0.430839, -6315.05
0.433107, -6120.57
0.435374, -5924.84
0.437642, -5727.91
0.439909, -5529.82
0.442177, -5330.6
0.444444, -5130.3
0.446712, -4928.96
0.44898, -4726.62
0.451247, -4523.32
0.453515, -4319.11
0.455782, -4114.01
0.45805, -3908.08
0.460317, -3701.36
0.462585, -3493.89
0.464853, -3285.7
0.46712, -3076.85
0.469388, -2867.38
0.471655, -2657.32
0.473923, -2446.73
0.47619, -2235.63
0.478458, -2024.09
0.480726, -1812.13
0.482993, -1599.8
0.485261, -1387.15
0.487528, -1174.22
0.489796, -961.053
0.492063, -747.688
0.494331, -534.171
0.496599, -320.546
0.498866, -106.856
0.501134, 106.856
0.503401, 320.546
0.505669, 534.171
0.507937, 747.688
0.510204, 961.053
0.512472, 1174.22
0.514739, 1387.15
0.517007, 1599.8
0.519274, 1812.13
0.521542, 2024.09
0.52381, 2235.63
0.526077, 2446.73
0.528345, 2657.32
0.530612, 2867.38
0.53288, 3076.85
0.535147, 3285.7
0.537415, 3493.89
0.539683, 3701.36
0.54195, 3908.08
0.544218, 4114.01
0.546485, 4319.11
0.548753, 4523.32
0.55102, 4726.62
0.553288, 4928.96
0.555556, 5130.3
0.557823, 5330.6
0.560091, 5529.82
0.562358, 5727.91
0.564626, 5924.84
0.566893, 6120.57
0.569161, 6315.05
0.571429, 6508.26
0.573696, 6700.14
0.575964, 6890.66
0.578231, 7079.78
0.580499, 7267.47
0.582766, 7453.68
0.585034, 7638.38
0.587302, 7821.53
0.589569, 8003.09
0.591837, 8183.02
0.594104, 8361.3
0.596372, 8537.88
0.598639, 8712.72
0.600907, 8885.79
0.603175, 9057.07
0.605442, 9226.5
0.60771, 9394.06
0.609977, 9559.71
0.612245, 9723.43
0.614512, 9885.17
0.61678, 10044.9
0.619048, 10202.6
0.621315, 10358.2
0.623583, 10511.7
0.62585, 10663.1
0.628118, 10812.3
0.630385, 10959.4
0.632653, 11104.2
0.634921, 11246.7
0.637188, 11387
0.639456, 11524.9
0.641723, 11660.6
0.643991, 11793.8
0.646259, 11924.7
0.648526, 12053.1
0.650794, 12179.1
0.653061, 12302.6
0.655329, 12423.6
0.657596, 12542.1
0.659864, 12658
0.662132, 12771.4
0.664399, 12882.2
0.666667, 12990.4
0.668934, 13095.9
0.671202, 13198.8
0.673469, 13299
0.675737, 13396.5
0.678005, 13491.3
0.680272, 13583.3
0.68254, 13672.6
0.684807, 13759.1
0.687075, 13842.8
0.689342, 13923.7
0.69161, 14001.8
0.693878, 14077
0.696145, 14149.4
0.698413, 14218.9
0.70068, 14285.5
0.702948, 14349.2
0.705215, 14410.1
0.707483, 14467.9
0.709751, 14522.9
0.712018, 14574.9
0.714286, 14623.9
0.716553, 14670
0.718821, 14713.1
0.721088, 14753.2
0.723356, 14790.3
0.725624, 14824.4
0.727891, 14855.5
0.730159, 14883.6
0.732426, 14908.7
0.734694, 14930.7
0.736961, 14949.7
0.739229, 14965.7
0.741497, 14978.6
0.743764, 14988.5
0.746032, 14995.3
0.748299, 14999.1
0.750567, 14999.9
0.752834, 14997.6
0.755102, 14992.3
0.75737, 14983.9
0.759637, 14972.5
0.761905, 14958.1
0.764172, 14940.6
0.76644, 14920
0.768707, 14896.5
0.770975, 14869.9
0.773243, 14840.3
0.77551, 14807.7
0.777778, 14772.1
0.780045, 14733.5
0.782313, 14691.9
0.78458, 14647.3
0.786848, 14599.8
0.789116, 14549.3
0.791383, 14495.8
0.793651, 14439.4
0.795918, 14380
0.798186, 14317.8
0.800454, 14252.6
0.802721, 14184.5
0.804989, 14113.6
0.807256, 14039.8
0.809524, 13963.1
0.811791, 13883.6
0.814059, 13801.3
0.816327, 13716.2
0.818594, 13628.3
0.820862, 13537.6
0.823129, 13444.2
0.825397, 13348.1
0.827664, 13249.2
0.829932, 13147.7
0.8322, 13043.5
0.834467, 12936.6
0.836735, 12827.1
0.839002, 12715.1
0.84127, 12600.4
0.843537, 12483.2
0.845805, 12363.4
0.848073, 12241.1
0.85034, 12116.4
0.852608, 11989.2
0.854875, 11859.5
0.857143, 11727.5
0.85941, 11593
0.861678, 11456.3
0.863946, 11317.1
0.866213, 11175.7
0.868481, 11032
0.870748, 10886.1
0.873016, 10738
0.875283, 10587.7
0.877551, 10435.2
0.879819, 10280.7
0.882086, 10124
0.884354, 9965.28
0.886621, 9804.54
0.888889, 9641.81
0.891156, 9477.13
0.893424, 9310.52
0.895692, 9142.01
0.897959, 8971.66
0.900227, 8799.48
0.902494, 8625.52
0.904762, 8449.8
0.907029, 8272.37
0.909297, 8093.26
0.911565, 7912.51
0.913832, 7730.15
0.9161, 7546.22
0.918367, 7360.76
0.920635, 7173.81
0.922902, 6985.4
0.92517, 6795.57
0.927438, 6604.36
0.929705, 6411.82
0.931973, 6217.97
0.93424, 6022.86
0.936508, 5826.52
0.938776, 5629.01
0.941043, 5430.35
0.943311, 5230.58
0.945578, 5029.76
0.947846, 4827.92
0.950113, 4625.09
0.952381, 4421.33
0.954649, 4216.67
0.956916, 4011.15
0.959184, 3804.82
0.961451, 3597.72
0.963719, 3389.88
0.965986, 3181.36
0.968254, 2972.19
0.970522, 2762.42
0.972789, 2552.09
0.975057, 2341.24
0.977324, 2129.91
0.979592, 1918.16
0.981859, 1706.01
0.984127, 1493.52
0.986395, 1280.72
0.988662, 1067.67
0.99093, 854.392
0.993197, 640.946
0.995465, 427.37
0.997732, 213.707
