0, 4
0.00226757, 4
0.00453515, 4
0.00680272, 4
0.00907029, 4
0.0113379, 4
0.0136054, 4
0.015873, 4
0.0181406, 4
0.0204082, 4
0.0226757, 4
0.0249433, 4
0.0272109, 4
0.0294785, 4
0.031746, 4
0.0340136, 4
0.0362812, 4
0.0385488, 4
0.0408163, 4
0.0430839, 4
0.0453515, 4
0.047619, 4
0.0498866, 4
0.0521542, 4
0.0544218, 4
0.0566893, 4
0.0589569, 4
0.0612245, 4
0.0634921, 4
0.0657596, 4
0.0680272, 4
0.0702948, 4
0.0725624, 4
0.0748299, 4
0.0770975, 4
0.0793651, 4
0.0816327, 4
0.0839002, 4
0.0861678, 4
0.0884354, 4
0.0907029, 4
0.0929705, 4
0.0952381, 4
0.0975057, 4
0.0997732, 4
0.102041, 4
0.104308, 4
0.106576, 4
0.108844, 4
0.111111, 4
0.113379, 4
0.115646, 4
0.117914, 4
0.120181, 4
0.122449, 4
0.124717, 4
0.126984, 4
0.129252, 4
0.131519, 4
0.133787, 4
0.136054, 4
0.138322, 4
0.14059, 4
0.142857, 4
0.145125, 4
0.147392, 4
0.14966, 4
0.151927, 4
0.154195, 4
0.156463, 4
0.15873, 4
0.160998, 4
0.163265, 4
0.165533, 4
0.1678, 4
0.170068, 4
0.172336, 4
0.174603, 4
0.176871, 4
0.179138, 4
0.181406, 4
0.183673, 4
0.185941, 4
0.188209, 4
0.190476, 4
0.192744, 4
0.195011, 4
0.197279, 4
0.199546, 4
0.201814, 4
0.204082, 4
0.206349, 4
0.208617, 4
0.210884, 4
0.213152, 4
0.21542, 4
0.217687, 4
0.219955, 4
0.222222, 4
0.22449, 4
0.226757, 4
0.229025, 4
0.231293, 4
0.23356, 4
0.235828, 4
0.238095, 4
0.240363, 4
0.24263, 4
0.244898, 4
0.247166, 4
0.249433, 4
0.251701, 4
0.253968, 4
0.256236, 4
0.258503, 4
0.260771, 4
0.263039, 4
0.265306, 4
0.267574, 4
0.269841, 4
0.272109, 4
0.274376, 4
0.276644, 4
0.278912, 4
0.281179, 4
0.283447, 4
0.285714, 4
0.287982, 4
0.290249, 4
0.292517, 4
0.294785, 4
0.297052, 4
0.29932, 4
0.301587, 4
0.303855, 4
0.306122, 4
0.30839, 4
0.310658, 4
0.312925, 4
0.315193, 4
0.31746, 4
0.319728, 4
0.321995, 4
0.324263, 4
0.326531, 4
0.328798, 4
0.331066, 4
0.333333, 4
0.335601, 4
0.337868, 4
0.340136, 4
0.342404, 4
0.344671, 4
0.346939, 4
0.349206, 4
0.351474, 4
0.353741, 4
0.356009, 4
0.358277, 4
0.360544, 4
0.362812, 4
0.365079, 4
0.367347, 4
0.369615, 4
0.371882, 4
0.37415, 4
0.376417, 4
0.378685, 4
0.380952, 4
0.38322, 4
0.385488, 4
0.387755, 4
0.390023, 4
0.39229, 4
0.394558, 4
0.396825, 4
0.399093, 4
0.401361, 4
0.403628, 4
0.405896, 4
0.408163, 4
0.410431, 4
0.412698, 4
0.414966, 4
0.417234, 4
0.419501, 4
0.421769, 4
0.424036, 4
0.426304, 4
0.428571, 4
0.430839, 4
0.433107, 4
0.435374, 4
0.437642, 4
0.439909, 4
0.442177, 4
0.444444, 4
0.446712, 4
0.44898, 4
0.451247, 4
0.453515, 4
0.455782, 4
0.45805, 4
0.460317, 4
0.462585, 4
0.464853, 4
0.46712, 4
0.469388, 4
0.471655, 4
0.473923, 4
0.47619, 4
0.478458, 4
0.480726, 4
0.482993, 4
0.485261, 4
0.487528, 4
0.489796, 4
0.492063, 4
0.494331, 4
0.496599, 4
0.498866, 4
0.501134, 4
0.503401, 4
0.505669, 4
0.507937, 4
0.510204, 4
0.512472, 4
0.514739, 4
0.517007, 4
0.519274, 4
0.521542, 4
0.52381, 4
0.526077, 4
0.528345, 4
0.530612, 4
0.53288, 4
0.535147, 4
0.537415, 4
0.539683, 4
0.54195, 4
0.544218, 4
0.546485, 4
0.548753, 4
0.55102, 4
0.553288, 4
0.555556, 4
0.557823, 4
0.560091, 4
0.562358, 4
0.564626, 4
0.566893, 4
0.569161, 4
0.571429, 4
0.573696, 4
0.575964, 4
0.578231, 4
0.580499, 4
0.582766, 4
0.585034, 4
0.587302, 4
0.589569, 4
0.591837, 4
0.594104, 4
0.596372, 4
0.598639, 4
0.600907, 4
0.603175, 4
0.605442, 4
0.60771, 4
0.609977, 4
0.612245, 4
0.614512, 4
0.61678, 4
0.619048, 4
0.621315, 4
0.623583, 4
0.62585, 4
0.628118, 4
0.630385, 4
0.632653, 4
0.634921, 4
0.637188, 4
0.639456, 4
0.641723, 4
0.643991, 4
0.646259, 4
0.648526, 4
0.650794, 4
0.653061, 4
0.655329, 4
0.657596, 4
0.659864, 4
0.662132, 4
0.664399, 4
0.666667, 4
0.668934, 4
0.671202, 4
0.673469, 4
0.675737, 4
0.678005, 4
0.680272, 4
0.68254, 4
0.684807, 4
0.687075, 4
0.689342, 4
0.69161, 4
0.693878, 4
0.696145, 4
0.698413, 4
0.70068, 4
0.702948, 4
0.705215, 4
0.707483, 4
0.709751, 4
0.712018, 4
0.714286, 4
0.716553, 4
0.718821, 4
0.721088, 4
0.723356, 4
0.725624, 4
0.727891, 4
0.730159, 4
0.732426, 4
0.734694, 4
0.736961, 4
0.739229, 4
0.741497, 4
0.743764, 4
0.746032, 4
0.748299, 4
0.750567, 4
0.752834, 4
0.755102, 4
0.75737, 4
0.759637, 4
0.761905, 4
0.764172, 4
0.76644, 4
0.768707, 4
0.770975, 4
0.773243, 4
0.77551, 4
0.777778, 4
0.780045, 4
0.782313, 4
0.78458, 4
0.786848, 4
0.789116, 4
0.791383, 4
0.793651, 4
0.795918, 4
0.798186, 4
0.800454, 4
0.802721, 4
0.804989, 4
0.807256, 4
0.809524, 4
0.811791, 4
0.814059, 4
0.816327, 4
0.818594, 4
0.820862, 4
0.823129, 4
0.825397, 4
0.827664, 4
0.829932, 4
0.8322, 4
0.834467, 4
0.836735, 4
0.839002, 4
0.84127, 4
0.843537, 4
0.845805, 4
0.848073, 4
0.85034, 4
0.852608, 4
0.854875, 4
0.857143, 4
0.85941, 4
0.861678, 4
0.863946, 4
0.866213, 4
0.868481, 4
0.870748, 4
0.873016, 4
0.875283, 4
0.877551, 4
0.879819, 4
0.882086, 4
0.884354, 4
0.886621, 4
0.888889, 4
0.891156, 4
0.893424, 4
0.895692, 4
0.897959, 4
0.900227, 4
0.902494, 4
0.904762, 4
0.907029, 4
0.909297, 4
0.911565, 4
0.913832, 4
0.9161, 4
0.918367, 4
0.920635, 4
0.922902, 4
0.92517, 4
0.927438, 4
0.929705, 4
0.931973, 4
0.93424, 4
0.936508, 4
0.938776, 4
0.941043, 4
0.943311, 4
0.945578, 4
0.947846, 4
0.950113, 4
0.952381, 4
0.954649, 4
0.956916, 4
0.959184, 4
0.961451, 4
0.963719, 4
0.965986, 4
0.968254, 4
0.970522, 4
0.972789, 4
0.975057, 4
0.977324, 4
0.979592, 4
0.981859, 4
0.984127, 4
0.986395, 4
0.988662, 4
0.99093, 4
0.993197, 4
0.995465, 4
0.997732, 4
